01801501793
07303400974
31002602847
09159200049
00508203554
00102200173
07315700803
04512300716
04210500259
07303900705
00106403990
03300601460
04722600716
04725900631
01808000021
06751000014
03801801306
03907801024
03810500811
03700600631
04309300510
03917300397
05011000801
04621400053
30203400140
08123201095
10009000029
00502600012
00603604404
11323100198
02909900010
00307000011
02708804782
06224200033
05803300543
14307210637
02005001341
02111700029
11302400117
05600100711
00707100070
00709200358
03016700018
06116900011
11816100128
11819400317
11830601910
15119400317
11828700079
10009000029
11813500494
15515400381
