035.015
035.016
035.017
035.029
035.030
035.044
035.045
035.046
035.062
035.064
035.065
035.066
035.077
035.078
035.084
035.085
040.005
040.009
040.019
040.020
040.021
040.022
040.023
040.031
040.032
040.033
040.034
040.035
040.036
040.037
040.038
040.039
040.043
040.050
040.051
040.056
040.057
040.062
040.063
040.064
040.066
040.073
040.074
040.076
040.083
040.084
040.085
040.086
040.093
040.094
040.095
040.096
040.097
040.104
040.105
040.106
040.107
040.115
040.116
040.117
040.125
040.126
040.127
040.128
040.129
040.141
040.142
040.143
040.144
040.145
040.150
040.151
040.152
040.192
040.193
040.194
040.199
040.200
040.201
040.204
040.211
043.032
043.033
043.047
